dep,PARKSAUSTRALIA_CGMP_201807_CG_27,PARKSAUSTRALIA_CGMP_201807_CG_28,PARKSAUSTRALIA_CGMP_201807_CG_29,PARKSAUSTRALIA_CGMP_201807_CG_30,PARKSAUSTRALIA_CGMP_201812_CG_1,PARKSAUSTRALIA_CGMP_201812_CG_2,PARKSAUSTRALIA_CGMP_201812_CG_3,PARKSAUSTRALIA_CGMP_201812_CG_4,PARKSAUSTRALIA_CGMP_201812_CG_5,PARKSAUSTRALIA_CGMP_201812_CG_51,PARKSAUSTRALIA_CGMP_201812_CG_52,PARKSAUSTRALIA_CGMP_201812_CG_6,PARKSAUSTRALIA_CGMP_201812_CG_7,PARKSAUSTRALIA_CGMP_201904_CG_17,PARKSAUSTRALIA_CGMP_201904_CG_18,PARKSAUSTRALIA_CGMP_201904_CG_19,PARKSAUSTRALIA_CGMP_201904_CG_20,PARKSAUSTRALIA_CGMP_201904_CG_21,PARKSAUSTRALIA_CGMP_201904_CG_22,PARKSAUSTRALIA_CGMP_201904_CG_23,PARKSAUSTRALIA_CGMP_201904_CG_24,PARKSAUSTRALIA_CGMP_201904_CG_25,PARKSAUSTRALIA_SIMP_201808_WP_33,PARKSAUSTRALIA_SIMP_201808_WP_34,PARKSAUSTRALIA_SIMP_201808_WP_35,PARKSAUSTRALIA_SIMP_201808_WP_36,PARKSAUSTRALIA_SIMP_201812_WP_1,PARKSAUSTRALIA_SIMP_201812_WP_2,PARKSAUSTRALIA_SIMP_201812_WP_51,PARKSAUSTRALIA_SIMP_201812_WP_52,PARKSAUSTRALIA_SIMP_201906_WP_25,PARKSAUSTRALIA_SIMP_201906_WP_26,PARKSAUSTRALIA_SIMP_201906_WP_27,PARKSAUSTRALIA_SIMP_201906_WP_28,PARKSAUSTRALIA_SIMP_201906_WP_29,PARKSAUSTRALIA_SIMP_201906_WP_30,PARKSAUSTRALIA_SIMP_201906_WP_31
PARKSAUSTRALIA_CGMP_201807_CG_27,0,0.004644284114140615,0.005359666348254677,0.005889602343534703,0.00918567070750151,0.021126637027199524,0.011253126953771323,0.014012383392245555,0.013317801998404079,0.012746261404481617,0.015969507193825436,0.017975279681211685,0.018995832242253024,0.010861729686603625,0.00893396755524762,0.01148026009851743,0.012822567786502813,0.013090725561969538,0.010064901539761837,0.011888531516399327,0.01062560866388044,0.013864966430565255,0.02166963289755647,0.022311223259482794,0.02144206695653198,0.02071414210040065,0.03800961135975344,0.0421823444890284,0.028513542127564465,0.035462085785050994,0.019425172425794508,0.018493785047927324,0.019457314985297174,0.017896553357443248,0.019571420900417465,0.01956509064603302,0.022243981254246703
PARKSAUSTRALIA_CGMP_201807_CG_28,0.004644284114140615,0,0.0030178174564314195,0.0034773298038490363,0.008805374768540255,0.0208994311186111,0.010438939656612708,0.013668523321195463,0.011821466463706696,0.011819729603922462,0.015407297635471698,0.01719812921734797,0.018517095861120905,0.009213928028549962,0.00798914746058436,0.011267469503315341,0.012185605340443637,0.01093396910645084,0.009339065547069396,0.011527209471067543,0.008970490300844203,0.014112098896933094,0.01948344955170057,0.019788517642960014,0.018896026979483095,0.018288496802582484,0.03893495303492077,0.04316532704899529,0.0290449405242245,0.0364088491679189,0.019225819948238545,0.017267227796752486,0.0183308407819626,0.016001165799526693,0.017301096714616104,0.018152677734898537,0.021394430295844962
PARKSAUSTRALIA_CGMP_201807_CG_29,0.005359666348254677,0.0030178174564314195,0,0.00224559026907673,0.007267273504467056,0.020395038938411856,0.009043483807601331,0.012584510163678089,0.009735219274923412,0.010872213184078685,0.014240174796764258,0.016648605543343818,0.016981358236105252,0.007712813277516824,0.006285859410911366,0.009885539658456819,0.010800148846423309,0.009239520156017159,0.00801023054648495,0.010508731347773638,0.0076086415844686985,0.013265403112439286,0.01875238496616607,0.01948765251828156,0.01812077948707,0.01745859858119719,0.03899432399493594,0.04323651327158749,0.028970376769249365,0.03639809996890808,0.019037614407308754,0.016888117483985908,0.017853804324733817,0.015112806427439817,0.016297669324164633,0.01717485664392757,0.020913782128668883
PARKSAUSTRALIA_CGMP_201807_CG_30,0.005889602343534703,0.0034773298038490363,0.00224559026907673,0,0.007869053069542447,0.020836058079930657,0.009579729447623059,0.013241602431132982,0.01014333659634115,0.011376767212585235,0.01463491961719881,0.016937887661886922,0.01760225565173462,0.008369819576658428,0.006797555952685212,0.010236754262057644,0.011168661830704302,0.009356354098548259,0.008310466662767786,0.01065607845782726,0.007008428959438764,0.012531996793310988,0.018589489634032723,0.01871887398154582,0.017560132406856905,0.016758846568179647,0.039808729644485896,0.04405679993988601,0.029749429062497633,0.03711455993485061,0.01960289572239083,0.017286112997747818,0.018118534917153564,0.014112770648782948,0.015795031513878545,0.017184844365205135,0.021240670287508895
PARKSAUSTRALIA_CGMP_201812_CG_1,0.00918567070750151,0.008805374768540255,0.007267273504467056,0.007869053069542447,0,0.015585372506314744,0.0043809995260144655,0.007010244185631247,0.006458880214759746,0.00633370516049503,0.009877065060710321,0.012818745114890454,0.012883643613016872,0.006839350691825575,0.004633397490303812,0.006616016568327743,0.0081065260629285,0.008353405112998643,0.005632569222346685,0.008479585467160529,0.010424426624251918,0.016312445063715545,0.01912839880190143,0.020123015114238644,0.01957010164408869,0.01949994603155056,0.03601283993746699,0.04016798859809427,0.025674559099315503,0.03311635698008372,0.01600869565979955,0.0159002697123008,0.016443999973418447,0.016483635772851977,0.016775735023942227,0.016703637392745222,0.01897575706860223
PARKSAUSTRALIA_CGMP_201812_CG_2,0.021126637027199524,0.0208994311186111,0.020395038938411856,0.020836058079930657,0.015585372506314744,0,0.012679511213598525,0.011463126504935231,0.01472533316802456,0.011203866974146463,0.019694562654125423,0.004410756588464223,0.010900105514182194,0.014434153297218293,0.016094837150933957,0.013530764330017804,0.01398395645587561,0.01570089770530874,0.015757549224487393,0.020436417538062815,0.02420845515864152,0.0309008924788985,0.014341144939068027,0.015263895109554042,0.016795799351730565,0.01866579473224109,0.023629131995590212,0.027428082872609057,0.015755592606567254,0.02138850968543651,0.009662154466052583,0.01082866811829977,0.010812300854798309,0.01734928363742914,0.01492455661251475,0.01333008170129794,0.012621606799604428
PARKSAUSTRALIA_CGMP_201812_CG_3,0.011253126953771323,0.010438939656612708,0.009043483807601331,0.009579729447623059,0.0043809995260144655,0.012679511213598525,0,0.004836979095875545,0.00429879130001948,0.0033893815166856143,0.010444856296657179,0.00909791226346325,0.009579514973694898,0.004619184822407954,0.004690475340743465,0.005630046326910768,0.006066452037628311,0.006412873914013197,0.005311223908285888,0.009570190017044027,0.0121600368439337,0.01887349877270188,0.017081409353658435,0.018267939551778287,0.017960023607444746,0.018285901064749383,0.033626861261725344,0.037777455844794125,0.02332479888642674,0.030739526937019406,0.01406819222512088,0.013642288698017941,0.014329687935794824,0.01616415321352455,0.015851201622420458,0.015399282406866704,0.017061708566936458
PARKSAUSTRALIA_CGMP_201812_CG_4,0.014012383392245555,0.013668523321195463,0.012584510163678089,0.013241602431132982,0.007010244185631247,0.011463126504935231,0.004836979095875545,0,0.007797849042705373,0.0031600025100154464,0.008797422173693325,0.009636232143008974,0.006589965104498201,0.008025376138007464,0.008226385507155824,0.005947709030717529,0.006634788380231697,0.00804562813099169,0.00773192300446917,0.011053255529711354,0.01574502100065101,0.022211311963815213,0.017295432219405202,0.01777133613941902,0.018789453403424902,0.019203065521240233,0.03212139203779933,0.03614158042894829,0.02164156881352971,0.02904844430360579,0.01248820083398296,0.013264296492585727,0.013246491442820406,0.016595660467313908,0.01586128413632846,0.014169071928901336,0.0150016060304099
PARKSAUSTRALIA_CGMP_201812_CG_5,0.013317801998404079,0.011821466463706696,0.009735219274923412,0.01014333659634115,0.006458880214759746,0.01472533316802456,0.00429879130001948,0.007797849042705373,0,0.006061830297749177,0.012015214627191684,0.010488506157993674,0.009852472577031141,0.006513736978234653,0.006671701623892346,0.008793308779125146,0.00824879514272476,0.006777788539083951,0.007657718686706374,0.011364814312569334,0.011007386317763367,0.01744424717773455,0.016760371092969694,0.017768068659130345,0.016793721600267698,0.01627355283821215,0.036520195818144224,0.04063476342769786,0.02595960673794127,0.03360118553318311,0.015993479376710414,0.014478473847324105,0.015154507455693305,0.014215067186713025,0.014679519972061105,0.015183084678131713,0.017886882247020813
PARKSAUSTRALIA_CGMP_201812_CG_51,0.012746261404481617,0.011819729603922462,0.010872213184078685,0.011376767212585235,0.00633370516049503,0.011203866974146463,0.0033893815166856143,0.0031600025100154464,0.006061830297749177,0,0.010353294285027273,0.008211619204761914,0.007983798454485398,0.006600879854264719,0.00677244771999022,0.006387775533866945,0.006399521082804198,0.006887616252162447,0.006793109824668998,0.011002222399968214,0.014020238685612588,0.02073422001726122,0.015883299737416867,0.01621830899621029,0.01693960801078775,0.01744011697390378,0.033042102613401604,0.037136023359127024,0.0226503964425756,0.03008180632558511,0.01286815545733357,0.012544100896040647,0.012907969250259948,0.01518585672038097,0.014507611588031617,0.013699387342963493,0.015183093053703625
PARKSAUSTRALIA_CGMP_201812_CG_52,0.015969507193825436,0.015407297635471698,0.014240174796764258,0.01463491961719881,0.009877065060710321,0.019694562654125423,0.010444856296657179,0.008797422173693325,0.012015214627191684,0.010353294285027273,0,0.01751236124592181,0.011155016613979198,0.013744406083195037,0.011542956776983335,0.011071937021319582,0.010658798559770047,0.01059864460599061,0.009746129352331854,0.008368735043425906,0.014953908459077138,0.020076748630412186,0.02237521122362832,0.022338700600231423,0.02227697351952169,0.021565782302178926,0.03998710532273035,0.04343655255189012,0.029275210669189436,0.03647886085093378,0.0194300833891569,0.01994144104798509,0.020038587979871476,0.018786041945142287,0.019482637058457583,0.018753304925460096,0.021437058684841373
PARKSAUSTRALIA_CGMP_201812_CG_6,0.017975279681211685,0.01719812921734797,0.016648605543343818,0.016937887661886922,0.012818745114890454,0.004410756588464223,0.00909791226346325,0.009636232143008974,0.010488506157993674,0.008211619204761914,0.01751236124592181,0,0.008397944774717251,0.010782987903271783,0.012650908718569437,0.01148690064185463,0.01114888664860319,0.012047650858471141,0.012674512018182413,0.017531119993084623,0.020262222118575698,0.027020819708918457,0.013241350665034443,0.01428259805702288,0.01528208230437288,0.016654440270995913,0.027147485743622454,0.031197851022431694,0.01790920271122262,0.02431610068792879,0.00965022028479929,0.010040702645278198,0.010378162743042072,0.014935886414305396,0.013599129390097326,0.012625424880959874,0.012728914040094071
PARKSAUSTRALIA_CGMP_201812_CG_7,0.018995832242253024,0.018517095861120905,0.016981358236105252,0.01760225565173462,0.012883643613016872,0.010900105514182194,0.009579514973694898,0.006589965104498201,0.009852472577031141,0.007983798454485398,0.011155016613979198,0.008397944774717251,0,0.011608341844363842,0.01223237131716284,0.010172229636403398,0.008997316265678004,0.010487113590857473,0.011603980026482556,0.014365315559685066,0.019208144852751505,0.02548893597836158,0.01581941978117688,0.016385449541990723,0.01703372608520758,0.01766029046011822,0.03264041580932973,0.03643751757711108,0.021994825565041648,0.029395925131860068,0.012666540735935105,0.013332505845564308,0.013090401960958885,0.015498814278219019,0.014809560748064618,0.013107096877719888,0.01412515601808984
PARKSAUSTRALIA_CGMP_201904_CG_17,0.010861729686603625,0.009213928028549962,0.007712813277516824,0.008369819576658428,0.006839350691825575,0.014434153297218293,0.004619184822407954,0.008025376138007464,0.006513736978234653,0.006600879854264719,0.013744406083195037,0.010782987903271783,0.011608341844363842,0,0.004379287001799454,0.004992566721673352,0.005049253357613352,0.005575915135346293,0.005267921958980916,0.010892913981465756,0.011562862378469273,0.019608314734847313,0.017321835399532592,0.01905028047798494,0.018939600237227003,0.01942051640117969,0.033584323405531004,0.037969697569382774,0.023858211875167453,0.031058552834805474,0.015445146207643104,0.014352653062057638,0.015130044186859197,0.017854697245409237,0.017660186208905384,0.01702549710284724,0.01806722844800757
PARKSAUSTRALIA_CGMP_201904_CG_18,0.00893396755524762,0.00798914746058436,0.006285859410911366,0.006797555952685212,0.004633397490303812,0.016094837150933957,0.004690475340743465,0.008226385507155824,0.006671701623892346,0.00677244771999022,0.011542956776983335,0.012650908718569437,0.01223237131716284,0.004379287001799454,0,0.004656440755103982,0.005775012361996473,0.0053857409173985885,0.0028565296004373552,0.007444977025031705,0.008583069636407124,0.016226388442653554,0.01853519415742651,0.019495111330956348,0.019382729664574723,0.019672916854645024,0.03589631837837424,0.040148052282091416,0.026023918118190974,0.033063586323217216,0.015732611663956893,0.01506723229217146,0.0157409968939069,0.017158286540221862,0.017079714479790925,0.01641804722282496,0.018480168840722677
PARKSAUSTRALIA_CGMP_201904_CG_19,0.01148026009851743,0.011267469503315341,0.009885539658456819,0.010236754262057644,0.006616016568327743,0.013530764330017804,0.005630046326910768,0.005947709030717529,0.008793308779125146,0.006387775533866945,0.011071937021319582,0.01148690064185463,0.010172229636403398,0.004992566721673352,0.004656440755103982,0,0.0033040482407666913,0.0054429893919336475,0.0036112406585670736,0.009086057080154869,0.012204096751675688,0.01928143290575163,0.01914048282509978,0.01997546326466652,0.020908364610628522,0.021469957443782512,0.03292871223717198,0.037133656287255574,0.0231222594904019,0.03006356670230431,0.01397227346673776,0.01457742248564313,0.014845613483796271,0.01871013206066182,0.018197545630780996,0.016606617929130894,0.016964914806178316
PARKSAUSTRALIA_CGMP_201904_CG_20,0.012822567786502813,0.012185605340443637,0.010800148846423309,0.011168661830704302,0.0081065260629285,0.01398395645587561,0.006066452037628311,0.006634788380231697,0.00824879514272476,0.006399521082804198,0.010658798559770047,0.01114888664860319,0.008997316265678004,0.005049253357613352,0.005775012361996473,0.0033040482407666913,0,0.003393340485646278,0.003932391063269022,0.008377703776829743,0.012474735343914339,0.019833286365095074,0.01880543200682307,0.0194775052926798,0.020692453218738402,0.021224310864100676,0.03455296349028426,0.03875386212246233,0.02476000277946113,0.0316832107058075,0.014643077455095289,0.014678152205297262,0.014870576723207187,0.018438215227852765,0.017824018472600737,0.016150510039178532,0.017020345728141505
PARKSAUSTRALIA_CGMP_201904_CG_21,0.013090725561969538,0.01093396910645084,0.009239520156017159,0.009356354098548259,0.008353405112998643,0.01570089770530874,0.006412873914013197,0.00804562813099169,0.006777788539083951,0.006887616252162447,0.01059864460599061,0.012047650858471141,0.010487113590857473,0.005575915135346293,0.0053857409173985885,0.0054429893919336475,0.003393340485646278,0,0.003908285579700929,0.008747542255043416,0.010139761914713925,0.017519539884030374,0.01754749119937034,0.01817969737191117,0.01881641643592157,0.01911758676094413,0.03681056768949304,0.04102181195224319,0.026908078156346417,0.03395089722940621,0.016023389700533738,0.014642874081223556,0.014953837921593329,0.016350992520254255,0.016205385123622254,0.015547739420908726,0.017499741104118414
PARKSAUSTRALIA_CGMP_201904_CG_22,0.010064901539761837,0.009339065547069396,0.00801023054648495,0.008310466662767786,0.005632569222346685,0.015757549224487393,0.005311223908285888,0.00773192300446917,0.007657718686706374,0.006793109824668998,0.009746129352331854,0.012674512018182413,0.011603980026482556,0.005267921958980916,0.0028565296004373552,0.0036112406585670736,0.003932391063269022,0.003908285579700929,0,0.006524641096997417,0.009510735647033811,0.016763776465355474,0.018868476964089737,0.0194779048937291,0.01975201097654558,0.020081154214699387,0.03596517485573457,0.04017678358313749,0.026178604936748208,0.03310276779468875,0.015320904188501336,0.014917718710230296,0.015354708584935348,0.017128005333559414,0.016834003249476218,0.015778491399267198,0.01785871400885461
PARKSAUSTRALIA_CGMP_201904_CG_23,0.011888531516399327,0.011527209471067543,0.010508731347773638,0.01065607845782726,0.008479585467160529,0.020436417538062815,0.009570190017044027,0.011053255529711354,0.011364814312569334,0.011002222399968214,0.008368735043425906,0.017531119993084623,0.014365315559685066,0.010892913981465756,0.007444977025031705,0.009086057080154869,0.008377703776829743,0.008747542255043416,0.006524641096997417,0,0.00876766938832779,0.015084459163931519,0.022776117005052762,0.022638478380293117,0.022683519611927473,0.021845364854100324,0.040536920200545806,0.0444381440230825,0.030564610843413345,0.03749349835548097,0.019725956362034374,0.01955333687739794,0.019789030693269167,0.01873960880318745,0.0191944777187838,0.01845956552055308,0.02186691937556284
PARKSAUSTRALIA_CGMP_201904_CG_24,0.01062560866388044,0.008970490300844203,0.0076086415844686985,0.007008428959438764,0.010424426624251918,0.02420845515864152,0.0121600368439337,0.01574502100065101,0.011007386317763367,0.014020238685612588,0.014953908459077138,0.020262222118575698,0.019208144852751505,0.011562862378469273,0.008583069636407124,0.012204096751675688,0.012474735343914339,0.010139761914713925,0.009510735647033811,0.00876766938832779,0,0.008463729052108165,0.023124747096714086,0.022428380370806463,0.021179411097019544,0.019063762222803864,0.044107673452814064,0.048372955004743236,0.034326004507762804,0.04129320744004737,0.02360184660857457,0.02145681720603065,0.02189860231023153,0.016421083550022055,0.0181208682101661,0.020318519368852726,0.024772504470617043
PARKSAUSTRALIA_CGMP_201904_CG_25,0.013864966430565255,0.014112098896933094,0.013265403112439286,0.012531996793310988,0.016312445063715545,0.0309008924788985,0.01887349877270188,0.022211311963815213,0.01744424717773455,0.02073422001726122,0.020076748630412186,0.027020819708918457,0.02548893597836158,0.019608314734847313,0.016226388442653554,0.01928143290575163,0.019833286365095074,0.017519539884030374,0.016763776465355474,0.015084459163931519,0.008463729052108165,0,0.02930632020230995,0.02813103934347215,0.02661265709543631,0.02334494331458764,0.050915714882213574,0.05504515490722057,0.04090642857776615,0.047995581088265744,0.03007192702627222,0.028018597656692255,0.028412429523090456,0.019329847024221275,0.0233326899235913,0.026137659495166624,0.031085879217395033
PARKSAUSTRALIA_SIMP_201808_WP_33,0.02166963289755647,0.01948344955170057,0.01875238496616607,0.018589489634032723,0.01912839880190143,0.014341144939068027,0.017081409353658435,0.017295432219405202,0.016760371092969694,0.015883299737416867,0.02237521122362832,0.013241350665034443,0.01581941978117688,0.017321835399532592,0.01853519415742651,0.01914048282509978,0.01880543200682307,0.01754749119937034,0.018868476964089737,0.022776117005052762,0.023124747096714086,0.02930632020230995,0,0.0036186516865615707,0.005002301126014287,0.011274990955583717,0.025381845889698128,0.029166797114041913,0.014237183381176004,0.022780953078998925,0.007830891225406963,0.005627081360801969,0.0060443095968622474,0.011930618409787654,0.007827526746871304,0.00596689017674303,0.005870315723564974
PARKSAUSTRALIA_SIMP_201808_WP_34,0.022311223259482794,0.019788517642960014,0.01948765251828156,0.01871887398154582,0.020123015114238644,0.015263895109554042,0.018267939551778287,0.01777133613941902,0.017768068659130345,0.01621830899621029,0.022338700600231423,0.01428259805702288,0.016385449541990723,0.01905028047798494,0.019495111330956348,0.01997546326466652,0.0194775052926798,0.01817969737191117,0.0194779048937291,0.022638478380293117,0.022428380370806463,0.02813103934347215,0.0036186516865615707,0,0.004031560915537711,0.010622604678388064,0.02811738466487209,0.03184740578882345,0.016913384402141816,0.025295574985025618,0.00970270351118652,0.007195505829678784,0.007190227744147771,0.010976076525015354,0.006695983521005159,0.005297334625960747,0.006859725528013452
PARKSAUSTRALIA_SIMP_201808_WP_35,0.02144206695653198,0.018896026979483095,0.01812077948707,0.017560132406856905,0.01957010164408869,0.016795799351730565,0.017960023607444746,0.018789453403424902,0.016793721600267698,0.01693960801078775,0.02227697351952169,0.01528208230437288,0.01703372608520758,0.018939600237227003,0.019382729664574723,0.020908364610628522,0.020692453218738402,0.01881641643592157,0.01975201097654558,0.022683519611927473,0.021179411097019544,0.02661265709543631,0.005002301126014287,0.004031560915537711,0,0.006679219990299309,0.030249628146227864,0.03395525929660692,0.01903643878357756,0.027543573568204187,0.011582965794463988,0.008724569679239718,0.008951968082252302,0.009197250017968466,0.005693306517521457,0.006119023602990408,0.009633841924484906
PARKSAUSTRALIA_SIMP_201808_WP_36,0.02071414210040065,0.018288496802582484,0.01745859858119719,0.016758846568179647,0.01949994603155056,0.01866579473224109,0.018285901064749383,0.019203065521240233,0.01627355283821215,0.01744011697390378,0.021565782302178926,0.016654440270995913,0.01766029046011822,0.01942051640117969,0.019672916854645024,0.021469957443782512,0.021224310864100676,0.01911758676094413,0.020081154214699387,0.021845364854100324,0.019063762222803864,0.02334494331458764,0.011274990955583717,0.010622604678388064,0.006679219990299309,0,0.03619950278808182,0.04003211562299884,0.025105975510103556,0.0336497899216266,0.015772009464275098,0.013376569924504282,0.013764822693450958,0.005760850123496959,0.006806441491080927,0.010854123496163439,0.016059450565076704
PARKSAUSTRALIA_SIMP_201812_WP_1,0.03800961135975344,0.03893495303492077,0.03899432399493594,0.039808729644485896,0.03601283993746699,0.023629131995590212,0.033626861261725344,0.03212139203779933,0.036520195818144224,0.033042102613401604,0.03998710532273035,0.027147485743622454,0.03264041580932973,0.033584323405531004,0.03589631837837424,0.03292871223717198,0.03455296349028426,0.03681056768949304,0.03596517485573457,0.040536920200545806,0.044107673452814064,0.050915714882213574,0.025381845889698128,0.02811738466487209,0.030249628146227864,0.03619950278808182,0,0.004871522364943844,0.01147880989508819,0.004177790195251977,0.02268526171328727,0.024900854647654024,0.024703353092937683,0.0365313154538447,0.03241065681780191,0.028228984517421,0.022867167683904704
PARKSAUSTRALIA_SIMP_201812_WP_2,0.0421823444890284,0.04316532704899529,0.04323651327158749,0.04405679993988601,0.04016798859809427,0.027428082872609057,0.037777455844794125,0.03614158042894829,0.04063476342769786,0.037136023359127024,0.04343655255189012,0.031197851022431694,0.03643751757711108,0.037969697569382774,0.040148052282091416,0.037133656287255574,0.03875386212246233,0.04102181195224319,0.04017678358313749,0.0444381440230825,0.048372955004743236,0.05504515490722057,0.029166797114041913,0.03184740578882345,0.03395525929660692,0.04003211562299884,0.004871522364943844,0,0.015037307324598832,0.007690397826592047,0.02667157300748649,0.02894270887875027,0.0286926934798003,0.04033056169581739,0.03624788786920578,0.032014179568310895,0.026595357374270108
PARKSAUSTRALIA_SIMP_201812_WP_51,0.028513542127564465,0.0290449405242245,0.028970376769249365,0.029749429062497633,0.025674559099315503,0.015755592606567254,0.02332479888642674,0.02164156881352971,0.02595960673794127,0.0226503964425756,0.029275210669189436,0.01790920271122262,0.021994825565041648,0.023858211875167453,0.026023918118190974,0.0231222594904019,0.02476000277946113,0.026908078156346417,0.026178604936748208,0.030564610843413345,0.034326004507762804,0.04090642857776615,0.014237183381176004,0.016913384402141816,0.01903643878357756,0.025105975510103556,0.01147880989508819,0.015037307324598832,0,0.00945303028753925,0.011946961639116764,0.014112585919064708,0.013836805833981041,0.025412129648350493,0.02128556251377453,0.017225667714095682,0.011827410596317294
PARKSAUSTRALIA_SIMP_201812_WP_52,0.035462085785050994,0.0364088491679189,0.03639809996890808,0.03711455993485061,0.03311635698008372,0.02138850968543651,0.030739526937019406,0.02904844430360579,0.03360118553318311,0.03008180632558511,0.03647886085093378,0.02431610068792879,0.029395925131860068,0.031058552834805474,0.033063586323217216,0.03006356670230431,0.0316832107058075,0.03395089722940621,0.03310276779468875,0.03749349835548097,0.04129320744004737,0.047995581088265744,0.022780953078998925,0.025295574985025618,0.027543573568204187,0.0336497899216266,0.004177790195251977,0.007690397826592047,0.00945303028753925,0,0.019761236332860026,0.022075849220286298,0.021822069463518008,0.03350621344541422,0.029458415228981037,0.025257619547374828,0.019879654833525804
PARKSAUSTRALIA_SIMP_201906_WP_25,0.019425172425794508,0.019225819948238545,0.019037614407308754,0.01960289572239083,0.01600869565979955,0.009662154466052583,0.01406819222512088,0.01248820083398296,0.015993479376710414,0.01286815545733357,0.0194300833891569,0.00965022028479929,0.012666540735935105,0.015445146207643104,0.015732611663956893,0.01397227346673776,0.014643077455095289,0.016023389700533738,0.015320904188501336,0.019725956362034374,0.02360184660857457,0.03007192702627222,0.007830891225406963,0.00970270351118652,0.011582965794463988,0.015772009464275098,0.02268526171328727,0.02667157300748649,0.011946961639116764,0.019761236332860026,0,0.0034830031525612914,0.003572492714943761,0.014410011899776124,0.011173496438220014,0.008057985875941285,0.004448539538946594
PARKSAUSTRALIA_SIMP_201906_WP_26,0.018493785047927324,0.017267227796752486,0.016888117483985908,0.017286112997747818,0.0159002697123008,0.01082866811829977,0.013642288698017941,0.013264296492585727,0.014478473847324105,0.012544100896040647,0.01994144104798509,0.010040702645278198,0.013332505845564308,0.014352653062057638,0.01506723229217146,0.01457742248564313,0.014678152205297262,0.014642874081223556,0.014917718710230296,0.01955333687739794,0.02145681720603065,0.028018597656692255,0.005627081360801969,0.007195505829678784,0.008724569679239718,0.013376569924504282,0.024900854647654024,0.02894270887875027,0.014112585919064708,0.022075849220286298,0.0034830031525612914,0,0.0016062999148488922,0.012729073091808728,0.008767920240862367,0.005960598352472499,0.004558818728652429
PARKSAUSTRALIA_SIMP_201906_WP_27,0.019457314985297174,0.0183308407819626,0.017853804324733817,0.018118534917153564,0.016443999973418447,0.010812300854798309,0.014329687935794824,0.013246491442820406,0.015154507455693305,0.012907969250259948,0.020038587979871476,0.010378162743042072,0.013090401960958885,0.015130044186859197,0.0157409968939069,0.014845613483796271,0.014870576723207187,0.014953837921593329,0.015354708584935348,0.019789030693269167,0.02189860231023153,0.028412429523090456,0.0060443095968622474,0.007190227744147771,0.008951968082252302,0.013764822693450958,0.024703353092937683,0.0286926934798003,0.013836805833981041,0.021822069463518008,0.003572492714943761,0.0016062999148488922,0,0.012642790078246901,0.008334307331270512,0.005301235849124541,0.0036641277056561066
PARKSAUSTRALIA_SIMP_201906_WP_28,0.017896553357443248,0.016001165799526693,0.015112806427439817,0.014112770648782948,0.016483635772851977,0.01734928363742914,0.01616415321352455,0.016595660467313908,0.014215067186713025,0.01518585672038097,0.018786041945142287,0.014935886414305396,0.015498814278219019,0.017854697245409237,0.017158286540221862,0.01871013206066182,0.018438215227852765,0.016350992520254255,0.017128005333559414,0.01873960880318745,0.016421083550022055,0.019329847024221275,0.011930618409787654,0.010976076525015354,0.009197250017968466,0.005760850123496959,0.0365313154538447,0.04033056169581739,0.025412129648350493,0.03350621344541422,0.014410011899776124,0.012729073091808728,0.012642790078246901,0,0.005179715950365433,0.009526286138681657,0.014750327441352767
PARKSAUSTRALIA_SIMP_201906_WP_29,0.019571420900417465,0.017301096714616104,0.016297669324164633,0.015795031513878545,0.016775735023942227,0.01492455661251475,0.015851201622420458,0.01586128413632846,0.014679519972061105,0.014507611588031617,0.019482637058457583,0.013599129390097326,0.014809560748064618,0.017660186208905384,0.017079714479790925,0.018197545630780996,0.017824018472600737,0.016205385123622254,0.016834003249476218,0.0191944777187838,0.0181208682101661,0.0233326899235913,0.007827526746871304,0.006695983521005159,0.005693306517521457,0.006806441491080927,0.03241065681780191,0.03624788786920578,0.02128556251377453,0.029458415228981037,0.011173496438220014,0.008767920240862367,0.008334307331270512,0.005179715950365433,0,0.00488661092378661,0.010063806997299833
PARKSAUSTRALIA_SIMP_201906_WP_30,0.01956509064603302,0.018152677734898537,0.01717485664392757,0.017184844365205135,0.016703637392745222,0.01333008170129794,0.015399282406866704,0.014169071928901336,0.015183084678131713,0.013699387342963493,0.018753304925460096,0.012625424880959874,0.013107096877719888,0.01702549710284724,0.01641804722282496,0.016606617929130894,0.016150510039178532,0.015547739420908726,0.015778491399267198,0.01845956552055308,0.020318519368852726,0.026137659495166624,0.00596689017674303,0.005297334625960747,0.006119023602990408,0.010854123496163439,0.028228984517421,0.032014179568310895,0.017225667714095682,0.025257619547374828,0.008057985875941285,0.005960598352472499,0.005301235849124541,0.009526286138681657,0.00488661092378661,0,0.005638302747178065
PARKSAUSTRALIA_SIMP_201906_WP_31,0.022243981254246703,0.021394430295844962,0.020913782128668883,0.021240670287508895,0.01897575706860223,0.012621606799604428,0.017061708566936458,0.0150016060304099,0.017886882247020813,0.015183093053703625,0.021437058684841373,0.012728914040094071,0.01412515601808984,0.01806722844800757,0.018480168840722677,0.016964914806178316,0.017020345728141505,0.017499741104118414,0.01785871400885461,0.02186691937556284,0.024772504470617043,0.031085879217395033,0.005870315723564974,0.006859725528013452,0.009633841924484906,0.016059450565076704,0.022867167683904704,0.026595357374270108,0.011827410596317294,0.019879654833525804,0.004448539538946594,0.004558818728652429,0.0036641277056561066,0.014750327441352767,0.010063806997299833,0.005638302747178065,0
